0.0820242929643 12
0.0551458996224 0 6
0.0529097213657 10
0.0399255161765 11
0.0310492253675 2 7 10 11 12
0.0294452168312 6 10
0.0173648492313 0 1 3 5 6 7 10 11
0.00792019391125 0 5 7 10 11 12 13
-0.00437955393022 1 3 6 8 9 10 11 12
-0.00892827032444 0 1 2 5 6 8 9 10 11 12 13
-0.0137121391895 0 4 5 6 7 9 10 12
-0.0148237340286 0 5 6 8 11 12 13
-0.015432825011 0 3 8 9 10 11
-0.0176104451634 2 3 5 8 10 11 12
-0.0225164227182 0 1 2 3 5 6 8 9 10 11 12 13
-0.0226975144739 0 1 2 3 4 6 9 10 11 12
-0.0237874459713 0 1 3 6 8 11 12 13
-0.0258891694184 1 4 5 11 12
-0.0285396314019 0 1 2 4 5 6 7 9 10 11 12 13
-0.0325125917038 0 1 2 3 6 7 8 9 10 11 13
-0.0328366567453 0 1 4 9 10
-0.0358289989866 0 2 11 13
-0.0403704424405 1 2 4 5 6 7 10 11 12 13
-0.0411518061233 0 3 6 8 9
-0.0419800272552 0 1 2 3 4 6 8 9 10 12
-0.0427949317888 0 1 2 4 6 7 10 11 13
-0.0444831519065 0 1 3 4 5 6 7 8 9 10 11 12 13
-0.0448284137624 0 1 2 3 4 5 6 7 8 10 11 12 13
-0.0473484803663 0 2 3 4 6 10 12
-0.0507781495705 0 1 2 3 4 5 6 8 9 10 11 12 13
-0.0533321157578 1 2 3 5 6 7 8 11 13
-0.0544799472787 0 1 2 4 5 6 7 9 10 13
-0.0551750181947 0 2 3 4 5 6 7 8 9 10 11 12 13
-0.0618666137323 2 3 10
-0.0703050096156 1 2 3 4 5 6 7 8 9 11 12 13
-0.0712558972859 0 1 2 3 4 5 6 7 8 9 10 13
-0.0736125974388 6 7 9 13
-0.0782138834309 2 3 4 5 7 8 9 10 11 12 13
-0.0803810121757 0 2 3 4 7 9 10 12 13
-0.0822589388189 2 3 4 5 6 7 8 9 11 12 13
-0.0843077897046 0 1 2 3 4 8 10 11 13
-0.0896803588014 1 8 13
-0.0928631858475 1 4 5 7
-0.0957480063295 2 6 13
-0.0965942614903 4 6 8 11 12 13
-0.103574937446 0 4 6 7 9 13
-0.106271512544 4 7 8 10
-0.115999285646 0 2 4 8 11 13
-0.129883980884 3
-0.130801860844 2 8 13
-0.154720957774 8 13
-0.171678313831 4 11
